T2 = 0.41
eval_loss = 0.16031241955853806
f1 = 0.5573210103184149
global_step = 29540
loss = 0.00034669927829977397
