T2 = 0.4
eval_loss = 0.1684577866890438
f1 = 0.5635055839485141
global_step = 29540
loss = 0.00034669927829977397
